66600.296081910966
251170.0
10800.5
174740.530721273977
11020.0
205590.515847492136
302940.391065605019
323540.60519063483
210980.530721273977
83360.530721273977
175680.469278726023
232010.185432797696
124540.0
27320.5
211670.630929753571
134950.333333333333
350150.137705776188
104430.234639363011
58570.469278726023
258320.234639363011
27960.0
243080.391065605019
330340.515847492136
38530.386852807235
33470.469278726023
79830.0
336220.630929753571
13750.296081910966
320960.296081910966
111060.46358199424
152260.0
39900.469278726023
239600.469278726023
86020.234639363011
255040.0
24680.630929753571
178310.234639363011
55860.386852807235
209460.530721273977
71300.530721273977
265870.630929753571
143030.0
91880.0
173850.613147192765
322690.0
169100.0
15300.296081910966
343250.5
302320.333333333333
312570.413117328564
118310.613147192765
77420.469278726023
82620.0
205530.629134404608
297760.567972696345
26470.530721273977
292780.386852807235
236680.630929753571
205960.0
72890.0
201070.629134404608
73120.530721273977
313770.556298393088
42600.0
227120.630929753571
32630.386852807235
7070.0
222340.530721273977
53770.0
212580.469278726023
2750.386852807235
182650.489759575341
9140.0
45090.0
296030.386852807235
19810.5
40500.630929753571
183910.296081910966
168560.234639363011
81510.306573596383
30350.469278726023
322340.0
184200.530721273977
302000.547491847027
102340.443701606912
5180.0
276560.296081910966
15470.0
271640.469278726023
205120.0
169300.0
10610.469278726023
20910.0
77250.0
56800.234639363011
297740.547491847027
272260.530721273977
241620.530721273977
1040.530721273977
195800.530721273977
52440.530721273977
32250.530721273977
298600.0
47750.386852807235
283310.37429503197
278350.469278726023
181750.333333333333
304960.469278726023
171900.530721273977
136150.302427867051
336200.234639363011
44440.0
269900.530721273977
341610.530721273977
39550.613147192765
280330.530721273977
234300.273771238205
85940.530721273977
55410.530721273977
19590.0
296170.363114380898
9550.0
188990.5
219750.530721273977
4780.630929753571
40670.530721273977
30440.469278726023
235340.395144265899
5100.630929753571
36010.530721273977
5360.0
56580.0
56630.0
31290.296081910966
302700.530721273977
51820.234639363011
92840.234639363011
159390.156426242008
246470.530721273977
343950.333333333333
93100.234639363011
124230.0
119390.556298393088
176000.0
42890.469278726023
94200.613147192765
28050.0
69010.469278726023
48800.234639363011
140980.530721273977
84740.5
248650.452508152973
84970.234639363011
207910.386852807235
167080.234639363011
74960.0
29350.613147192765
70330.530721273977
167880.350985208063
290770.5
198650.0
24730.0
337080.547491847027
14560.469278726023
163100.489759575341
19990.234639363011
25200.613147192765
81520.530721273977
219800.530721273977
102180.296081910966
327480.0
51210.0
276680.234639363011
5410.0
82220.0
184790.0
251370.0
225790.579237460682
292450.0
261870.0
72540.530721273977
190590.0
272670.116995069354
201000.350985208063
323910.530721273977
78300.296081910966
313950.25512021233
83810.530721273977
170860.530721273977
330360.469278726023
264670.306573596383
182990.234639363011
285510.530721273977
90980.469278726023
224120.137705776188
9160.613147192765
91190.306573596383
65760.530721273977
306530.530721273977
91780.630929753571
148170.0
225080.530721273977
107580.121038126966
30860.296081910966
220350.530721273977
317820.0
10660.0
26120.234639363011
46610.0
292400.306573596383
282260.0
72560.0
241690.567972696345
185580.234639363011
47460.234639363011
201360.302427867051
257750.121038126966
237430.46358199424
7060.530721273977
63650.5
68820.306573596383
53480.530721273977
212330.39480936517
53820.613147192765
259100.530721273977
13520.386852807235
320980.350985208063
80720.296081910966
219060.530721273977
44990.0
208840.469278726023
34970.0
239780.530721273977
34990.530721273977
137730.0
20150.5
214760.296081910966
25510.530721273977
92110.5
343160.567972696345
10550.469278726023
323120.530721273977
118330.0
215730.391065605019
128730.173765342871
83010.0
11360.234639363011
298230.521296028614
160040.630929753571
298310.53641800576
298360.469278726023
134530.630929753571
190860.0
109010.0
231960.530721273977
155450.0
114600.530721273977
84020.630929753571
273750.242076253932
294530.0
274110.530721273977
59130.234639363011
197450.515847492136
213090.156426242008
49430.0
126260.296081910966
28990.630929753571
136520.386852807235
34240.469278726023
13920.0
254580.363114380898
34450.234639363011
188180.0
137170.0
178250.0
14690.0
241020.333333333333
215450.530721273977
154220.530721273977
307860.469278726023
159410.469278726023
159720.0
47560.0
42440.306573596383
93750.0
27430.306573596383
130090.333333333333
156040.0
161190.0
161220.363114380898
54160.296081910966
126200.567972696345
80140.530721273977
182610.489759575341
141660.0
157090.530721273977
85440.530721273977
172580.296081910966
239270.278149196544
3940.5
35070.296081910966
198930.452508152973
137620.0
219730.37429503197
61310.469278726023
168870.296081910966
71730.530721273977
15450.0
440.296081910966
77280.0
113220.0
87890.234639363011
170110.296081910966
298130.386852807235
154980.0
303500.5
6620.630929753571
349750.530721273977
6800.530721273977
12100.234639363011
161050.530721273977
222620.567972696345
263680.452508152973
64090.0
69210.0
89730.0
69260.469278726023
69370.234639363011
64330.0
335900.0
80100.386852807235
34060.630929753571
23850.530721273977
249420.296081910966
234080.0
229200.234639363011
147460.0
306190.53641800576
260320.630929753571
142800.306573596383
229840.469278726023
107240.0
245500.530721273977
86920.530721273977
10280.234639363011
271450.0
20590.630929753571
140.0
184680.234639363011
72180.386852807235
46740.530721273977
103430.0927163988481
226380.521296028614
231640.37429503197
6420.5
42390.530721273977
16920.0
211520.0
134790.0
196350.629134404608
293790.530721273977
278620.234639363011
289140.234639363011
207520.296081910966
340780.613147192765
269330.278149196544
3140.5
28760.0
218310.0
182490.469278726023
64740.0
228580.0
70080.530721273977
100810.234639363011
223740.530721273977
264740.296081910966
44580.469278726023
18980.5
234110.0
101260.613147192765
29630.0
326760.333333333333
19640.0
168200.296081910966
286110.234639363011
117340.469278726023
142990.0
9880.0
209550.530721273977
20140.0
9950.0
255770.0
214850.46358199424
102620.306573596383
92520.0
118150.530721273977
225680.521296028614
62520.386852807235
47180.0
175240.530721273977
232240.5
7050.5
289370.363114380898
146170.0
79690.0
74790.613147192765
264390.630929753571
90310.530721273977
80290.613147192765
100800.515847492136
147070.46358199424
60580.530721273977
244970.0
265480.629134404608
40230.296081910966
35820.234639363011
133470.530721273977
256500.242076253932
82650.0
118530.458199333716
139100.567972696345
302960.646185817349
318550.391065605019
200810.530721273977
170270.530721273977
37280.234639363011
237180.234639363011
37520.469278726023
247490.515847492136
68450.5
48350.630929753571
109910.469278726023
17930.0
89660.0
197360.234639363011
177280.530721273977
64840.0
187880.0
162380.0
172640.333333333333
203390.333333333333
24220.530721273977
39700.530721273977
254770.395144265899
101540.613147192765
306350.0
229600.469278726023
50680.0
71380.306573596383
25340.530721273977
81670.0
61210.530721273977
174020.0
348250.0
194690.469278726023
297260.121038126966
77140.0
333410.296081910966
154270.185432797696
62100.469278726023
139160.306573596383
123830.53641800576
159820.0
231540.0
31930.0
63030.630929753571
109130.386852807235
160340.60519063483
339580.469278726023
242460.530721273977
53050.0
232390.391065605019
263250.530721273977
63870.234639363011
253360.530721273977
17900.0
268980.395144265899
38700.234639363011
325580.530721273977
69910.0
8530.5
233810.5
80310.0
85510.530721273977
54860.0
290450.0
34610.469278726023
188380.530721273977
173050.5
265350.530721273977
9600.613147192765
199090.296081910966
193970.530721273977
307490.0
20790.5
312680.273771238205
220920.469278726023
215980.530721273977
205750.0
313400.629134404608
216130.530721273977
129170.469278726023
52420.0
26930.630929753571
180540.443701606912
329240.333333333333
232050.5
1660.469278726023
42680.0
278270.0
12120.0
145310.646185817349
12490.0
222880.630929753571
166890.395144265899
115750.296081910966
177190.515847492136
59570.386852807235
3530.0
75310.0
239470.489759575341
193550.530721273977
311580.630929753571
50950.0
40790.530721273977
20340.0
10210.530721273977
92290.0
230650.530721273977
322840.530721273977
189740.46358199424
241000.469278726023
77290.530721273977
67110.0
205350.530721273977
5770.630929753571
318590.530721273977
159890.469278726023
72850.234639363011
318750.0
42420.386852807235
120080.530721273977
125230.580577063595
135650.613147192765
130780.234639363011
23420.469278726023
161990.515847492136
243950.0
315800.5
116190.0
60100.530721273977
239310.530721273977
116610.0
60330.630929753571
60460.296081910966
65590.530721273977
14420.0
60530.296081910966
24700.306573596383
311500.333333333333
337570.0
255730.278149196544
86850.0
337870.469278726023
189570.386852807235
343260.530721273977
333210.234639363011
92650.630929753571
26390.630929753571
87880.469278726023
93040.0
215950.547491847027
36750.0
40900.234639363011
31720.234639363011
82930.613147192765
231750.530721273977
67940.630929753571
73140.386852807235
216710.469278726023
47770.296081910966
257720.530721273977
104130.60519063483
22420.0
247800.386852807235
78970.0
212140.0
58630.0
191870.0
17810.630929753571
330180.0
69080.296081910966
325250.306573596383
79740.234639363011
161720.530721273977
64460.0
156790.530721273977
172350.530721273977
80300.530721273977
8710.469278726023
34530.306573596383
347000.629134404608
249890.452508152973
9500.613147192765
316710.234639363011
111930.613147192765
306720.37429503197
337490.37429503197
127630.530721273977
71360.234639363011
342720.0
40710.5
122670.0782131210038
307060.0927163988481
158680.0
71830.234639363011
174270.0
82140.613147192765
261380.547491847027
328130.469278726023
102920.0
51740.0
256530.530721273977
266800.530721273977
143950.273771238205
318130.530721273977
297660.234639363011
41880.630929753571
251920.530721273977
47210.234639363011
11480.5
272660.521296028614
339570.530721273977
324250.646185817349
32550.386852807235
43450.0
176610.567972696345
176680.530721273977
105010.116995069354
171580.613147192765
330350.386852807235
28490.306573596383
54130.0
39270.296081910966
274850.0
131680.234639363011
136930.5
254990.586882671436
29840.0
301220.5
55650.0
209260.0
127490.530721273977
76690.613147192765
292070.530721273977
169220.0
271720.613147192765
36280.5
123380.530721273977
266920.0
221180.489759575341
175520.0
11770.0
83550.0
350120.469278726023
283680.469278726023
104500.452508152973
109720.333333333333
74160.530721273977
243150.530721273977
166350.395144265899
84570.0
2680.530721273977
299720.0
233210.469278726023
207780.489759575341
161740.0
290100.0
49640.0
152170.278149196544
101270.530721273977
81010.0
270800.630929753571
86620.306573596383
281570.630929753571
194670.567972696345
266580.234639363011
56770.0
261580.530721273977
46840.0
190510.0
282740.242076253932
175920.530721273977
303970.386852807235
303960.0
268300.530721273977
68750.386852807235
38170.530721273977
248170.278149196544
2550.530721273977
38620.306573596383
28410.0
54330.0
136320.630929753571
187770.515847492136
29100.630929753571
44530.0
111370.530721273977
131860.5
65700.234639363011
331940.469278726023
301320.630929753571
66000.0
265770.0
81610.306573596383
122650.278149196544
4890.530721273977
35620.0
286540.0
327530.530721273977
56310.5
10270.5
348330.469278726023
281870.630929753571
108150.234639363011
21230.0
93180.234639363011
113680.0
324470.515847492136
42970.5
89080.469278726023
48450.234639363011
84440.469278726023
181920.333333333333
253610.579237460682
53940.296081910966
18230.0
228180.489759575341
228190.629134404608
197560.0
284790.489759575341
8410.5
3290.296081910966
315810.515847492136
111070.452508152973
193220.530721273977
91140.469278726023
188530.242076253932
111850.275411552376
245090.296081910966
214480.530721273977
76320.0
30270.0
250700.306573596383
225130.296081910966
138660.306573596383
149050.121038126966
246420.630929753571
62570.0
72840.234639363011
21730.234639363011
134430.234639363011
318770.306573596383
88480.0
257960.137705776188
278470.0
339990.649014791937
206950.0
324770.386852807235
207040.646185817349
278750.173765342871
335090.0
43260.306573596383
33320.0
222850.530721273977
33770.386852807235
151570.530721273977
23720.0
182800.5
34420.386852807235
300750.242076253932
203620.386852807235
19380.0
50110.0
14300.5
275760.530721273977
35160.234639363011
306690.5
91710.530721273977
163620.530721273977
158590.452508152973
240550.0
327740.530721273977
25670.0
282020.579237460682
246190.391065605019
72220.0
185040.278149196544
282340.39480936517
149360.630929753571
108450.530721273977
190480.530721273977
118890.515847492136
67780.296081910966
170530.521296028614
324210.391065605019
114350.530721273977
47870.386852807235
242880.306573596383
38200.296081910966
304620.0
314870.0
28270.386852807235
268950.530721273977
325350.580577063595
299910.391065605019
161690.580577063595
305230.469278726023
177650.5
234050.386852807235
24210.0
80730.469278726023
208780.386852807235
45030.0
70880.0
347490.530721273977
76190.630929753571
219560.530721273977
291470.5
214810.0
148330.0
59020.0
89770.386852807235
339170.0
126980.530721273977
59320.5
1940.630929753571
151720.234639363011
336010.0
10920.296081910966
82760.234639363011
73870.0
33080.0
264830.363114380898
291730.5
21670.530721273977
